9344
1286
5681
3815
9319
6813
7908
4289
3416
735
2380
9225
4343
7916
5863
7459
1066
9592
8354
874
6953
2157
2583
7591
3974
4211
5891
136
3818
9681
7205
6005
3606
8971
8982
4872
3384
2522
8400
3940
1617
3361
4225
2057
6014
5183
2249
2806
2634
5752
7365
8984
1660
1706
6525
1426
4215
584
2662
9546
321
618
6629
8163
1679
23
5153
330
9691
5782
3133
3519
7349
2558
4381
3863
4501
5983
1631
1848
3069
5338
9745
7873
9268
3048
1959
2712
6047
1288
4992
7883
7708
6447
6798
5460
7680
1268
9045
9459
2810
9611
4664
4128
8186
7950
7614
423
1136
6379
6762
3385
7875
6115
4662
3930
7578
8984
3615
1806
497
4619
7535
1206
6664
7949
9970
2226
1268
4904
6210
6660
9070
4855
6229
152
9435
938
3848
7122
3313
911
2504
2084
6629
8558
7323
7998
1363
2085
5980
2109
8001
440
7430
6053
1780
3977
9845
9796
9063
571
4162
9658
9229
8411
6460
534
2457
1012
457
1821
341
914
2974
3571
3880
6675
4985
8296
8923
4649
8132
9131
337
3310
1924
3561
7530
4044
2018
8393
7290
1790
9978
2789
4795
9218
4274
5133
9553
1309
7417
5327
7404
6398
6041
3465
967
5241
1915
2767
114
9309
6309
5290
4234
3706
2464
7465
2013
2468
6088
2924
8440
2535
9325
3571
8303
8362
8851
554
9120
8888
4329
2329
2319
3444
303
3618
1892
4042
7635
4187
7623
401
7228
2074
4873
4687
8915
3779
9249
8654
1730
2291
3571
6162
7588
751
4783
9363
8818
8503
9807
699
8034
3295
9302
3401
3713
2248
7218
1046
6846
3988
8288
5003
8704
6076
4962
8045
1141
5562
627
1457
2332
2138
9631
9138
1266
3359
576
130
9021
8029
2908
5347
5064
6393
3335
5419
4645
8416
9300
1304
5375
5577
600
5634
8460
5880
6024
8962
4404
5991
8696
8423
6589
3964
1519
6334
3432
8626
1723
5149
1586
5785
4324
7177
9116
3127
7187
5423
1518
9570
9993
18
963
1039
9246
4095
75
5111
6057
1372
9078
3290
743
2133
1667
1905
5011
2461
763
2768
2519
9507
6598
4120
7831
8084
6066
5319
8028
9243
7586
6814
9198
7135
4864
4164
2923
7609
8050
245
4765
5668
5995
3311
8580
6034
7194
6913
9528
3108
5619
6809
9097
5066
8025
1375
4243
4927
682
4451
5050
112
5583
5634
7579
1762
9311
6320
781
2241
585
8496
3717
3639
5575
3812
6331
3918
204
2798
8216
4328
7042
125
4606
7205
9936
3586
9248
3077
6111
7340
166
4288
273
1726
8837
9615
8814
2933
8071
1780
2904
9432
5549
4366
755
8424
9921
435
3852
8813
1371
8598
4160
3050
1298
8783
1480
3855
6992
6698
2293
2178
410
8786
9609
537
7406
3039
9908
6994
9807
1851
7230
7187
7303
3904
5509
9194
2773
5346
8114
5507
1413
8080
6898
7041
5617
3303
9128
7038
7662
4827
4032
2685
7494
4266
1600
478
4725
4686
2504
8468
3911
4514
4780
4096
5164
8054
1918
5378
4424
2807
1634
1909
8
9725
249
6667
773
8617
2296
9827
8252
7333
2856
3451
945
7261
819
429
9465
7268
9109
5469
8457
8502
4507
1977
3694
9715
2075
7351
9171
851
4012
5184
4142
2872
2992
2245
223
5103
1929
8842
7314
421
2634
3694
8485
1539
423
551
2701
425
4840
2121
1190
836
4365
3374
3125
8382
3477
6766
5119
3990
7157
1891
9488
5385
6802
1152
7729
2433
5039
6982
8309
2323
1510
7639
8528
8690
1298
3643
4808
8108
6866
4936
5484
2922
7228
106
5440
487
9829
10000
2958
1599
4496
2199
8212
987
4123
12
7506
6809
3929
7269
3104
3321
4075
5594
5534
9563
296
1988
576
1427
5055
2999
8091
9221
4035
4364
2318
9612
7383
3681
9550
2060
6196
6124
7641
9703
5135
9329
1414
8995
9961
9031
9407
3090
4905
1573
7014
453
7430
7101
396
9711
2338
9372
5960
9624
6464
7633
244
4455
9694
1360
1837
5195
1684
9933
4548
7505
3772
1376
5163
4424
9016
1488
6852
3197
5443
7110
3298
3144
5880
7741
5296
1958
2883
1710
9557
8438
6629
7309
1637
5419
1389
1341
9827
8132
5551
5990
8120
4203
6214
3871
6828
8344
6420
487
9931
6249
3656
3829
6838
1699
806
1292
2875
7401
2125
5153
6890
9445
8254
6140
4824
6223
2049
7109
1209
3410
9409
7881
8379
2929
2429
4679
8066
5496
2743
4360
5404
4372
7401
2817
9931
9169
9577
5673
3786
6318
7914
4598
2101
2521
3348
7318
5205
1030
9562
1367
8603
2566
7085
9047
5793
2604
9307
2172
9299
2930
5800
9856
2777
3178
6497
5835
3617
5369
1829
8257
4041
5155
6101
7766
1879
8910
5705
7020
6802
709
2763
9582
364
9123
9212
6492
3863
1558
6845
2991
9871
1227
7901
5931
1730
1096
8954
8355
3866
5752
7144
4372
74
7728
5022
1827
9360
6369
4528
4424
7885
7051
7781
6343
7264
7361
4021
4515
7666
1839
6518
926
4722
683
117
8867
9477
8603
3078
8895
1202
9855
493
9403
1903
9144
9549
9906
9344
9481
7814
4537
632
2849
8722
3927
9118
5779
8670
8839
2419
3395
8120
6667
7140
9195
6422
3874
3232
5043
7145
8956
5793
6457
6510
5493
103
7987
722
9730
3000
2512
5193
8042
8271
5143
9614
5826
9137
5587
6010
7582
8578
76
2896
8374
3848
5871
9003
9287
7977
1996
7961
3766
8305
5262
2134
953
3733
1293
9992
5377
1080
586
1103
7809
5809
9532
146
4994
5943
2679
2923
6126
3975
6415
6835
3942
6860
9790
9423
1781
3613
9015
3305
5891
7878
3921
1460
7313
4835
6112
4196
202
8239
8726
9611
8584
8713
4597
6109
6042
8927
5892
3866
6942
9082
3849
1831
3772
4727
4665
9708
8738
9868
4610
621
3780
4519
2750
9162
1271
694
1970
1278
15
9555
7412
9409
2589
9098
3903
5351
9241
4290
2030
1293
4235
7514
9722
6427
7676
9421
9650
1588
2639
6109
6308
9297
9766
5237
3860
8438
4553
5705
1737
174
4336
2221
2276
4940
4138
6038
1850
6738
6607
9325
7747
8003
8917
1089
4874
1599
5801
9204
6718
6811
7810
1995
4694
4320
424
1972
1826
10000
614
4706
8174
9845
6567
2606
3825
6250
1421
8314
7511
9937
9215
5962
4129
7919
3193
3587
1445
8047
4212
9366
7562
9663
8839
4833
3176
5074
7696
7753
4235
3195
6730
5314
7429
8895
8729
6481
9704
697
3594
1024
3280
4194
7818
5185
2959
9447
4342
3532
5961
6391
5411
3043
4620
3710
8027
8180
8785
5571
646
6753
9753
8887
9708
8796
5444
6025
957
3154
7876
4888
1718
5147
2112
1182
7047
1021
9289
8324
3893
49
9314
1439
6404
1167
1779
920
6707
6326
7650
9625
1811
2152
5379
3883
3954
9239
8193
3362
4517
6425
1959
4785
1771
8686
1439
6240
279
7075
5263
616
6455
2521
1502
6641
3708
1558
7261
6632
7705
3796
7461
7241
7813
4342
6199
4026
6165
3599
381
9296
5230
5945
7000
9360
5361
5864
4194
3744
6809
9715
7939
8896
8876
1574
8548
5935
6678
466
2412
6456
1297
7289
7816
5726
3696
5916
5142
6889
9314
820
2976
7469
1741
6326
6319
1786
3315
484
8146
6337
226
7550
6485
3871
6779
2596
2984
6486
5565
6149
2327
3065
2272
183
9682
5837
42
854
3713
487
4436
629
16
8426
9875
2533
4559
5045
4757
567
121
8554
7565
3804
3780
5793
2802
3657
8265
4245
8249
9910
7665
6463
427
6480
8622
7149
6048
6996
6859
9106
2162
8665
5389
6258
1795
8582
7725
6545
9082
2396
8816
6510
6504
6433
9048
7381
7234
7372
5177
9696
4719
3598
7825
4292
3321
8960
2342
6173
6063
8023
5199
8932
4092
9171
4819
4710
4970
8150
6011
5386
6229
4489
1854
7339
9522
1315
1588
3587
9138
8742
5838
9153
6183
8138
9114
174
7889
5475
8089
9816
967
8572
5526
343
968
9922
1516
5540
6254
4245
3174
3470
3136
661
9973
510
7918
8864
8882
3018
7461
1395
4009
7217
1069
243
8917
9681
6086
8674
2443
7583
704
4541
1372
5433
4977
8648
7189
8970
1802
4846
4098
2939
84
503
8320
6119
8730
8177
1350
6071
9534
6671
1299
7600
7080
9987
9942
5204
1562
5466
1129
115
1122
9568
3934
9394
505
9581
9837
9
7231
1296
1971
6263
3754
5693
5799
1480
8551
2942
4130
8179
4483
7699
541
1935
9254
8737
5436
2196
5579
8708
4919
1318
6974
72
5955
762
5235
178
9584
9910
217
9911
9085
1008
5864
7088
8485
3669
8662
9551
8425
8699
6596
4565
7792
3497
9416
6094
8999
4691
2880
4368
2
9430
20
6587
389
251
7539
5067
6718
9265
2279
9390
7973
3155
5737
6657
1309
9593
5651
7683
4795
9147
2958
7281
8773
2011
2986
563
9358
8957
923
6888
4492
57
9632
3358
6539
6437
5340
1539
4150
5195
8280
342
2469
8703
272
1111
1482
3155
5054
8523
7931
1967
9221
3509
2657
4324
2192
935
676
8850
2494
6405
9534
5284
2586
1577
6200
1697
5892
8932
3571
2016
8185
3796
8869
6155
1195
4250
6769
6479
1039
3849
9682
5944
2661
1899
1480
7771
9262
9015
1292
9853
6601
1403
4410
4959
7214
8069
4139
6144
6228
4578
9368
541
6325
9862
4802
4268
7534
5053
6779
6393
3508
8710
8019
5533
9518
3391
3463
7947
5803
144
6028
7839
6591
6749
6242
741
9309
4910
757
5735
3631
4461
233
8648
9683
5721
987
733
4381
4318
2988
7873
4902
3977
1810
5897
8112
5925
4547
5747
374
8574
3572
838
5838
2366
7470
8090
4032
5332
8567
8142
2473
9869
3527
6272
8185
6384
1939
7818
9965
100
3522
8667
406
7077
2020
9467
6680
9322
1191
6454
269
8594
4374
1440
522
4731
5088
3927
1147
9451
8347
4841
719
8687
9754
7453
346
6729
1768
1806
8910
9361
796
3874
4429
5756
3590
4741
9531
799
7642
5599
2534
4019
4388
9119
9107
3686
6868
7784
1096
5983
7648
7316
7049
5932
6865
6837
3474
1308
6938
876
3019
7231
8659
4685
6958
576
9839
1875
5104
7902
2191
7152
5558
9963
2573
8395
9981
4297
1593
9333
4785
3133
1034
7391
8278
9996
5639
8725
9980
4480
8819
5791
261
1902
2055
9320
9562
4822
1134
4589
5737
5712
6594
2290
5018
9951
8403
8128
4690
6995
2348
4179
9134
16
7572
9469
65
2250
1944
716
6550
8651
4568
2725
2642
638
5875
4136
961
3040
3803
525
8033
2399
3650
421
950
4961
2818
4926
7684
2855
6726
4571
9537
7711
7135
4249
7280
5784
7802
8202
7514
344
8741
4004
3054
9967
9164
3553
8400
7188
3074
2588
9148
7923
2813
2082
1860
5801
6367
48
8930
679
6850
5401
5388
6838
1124
2083
3520
3926
9323
7329
4825
9361
1954
7029
3179
7792
1347
3177
875
5519
6958
3621
1372
6405
420
1153
3289
3806
1554
9635
6820
8804
4729
7537
1894
4531
4679
1051
8143
7072
5299
3913
7517
1256
5128
8868
1368
4387
3780
4910
1380
3020
5401
6691
7806
8609
1356
3006
7793
254
3628
6080
2669
9439
6112
4278
2318
4883
3266
1107
3859
8970
4543
7073
9582
338
5324
3896
3125
3928
3860
4831
3333
688
4149
7544
8997
4500
7937
4128
4335
8269
6182
5675
8890
2632
7665
8822
4620
551
5270
3320
7037
5718
9156
9427
6754
3143
9477
7949
3514
8589
9022
7260
8798
2807
2841
9444
8901
3985
9605
6735
6548
356
2371
5032
3682
6882
5494
115
3823
6055
163
4150
1111
209
1469
9932
5534
4310
6884
5047
268
5575
5965
5170
7081
5805
251
5896
9915
5503
7549
3769
2806
5187
4089
8750
2513
5606
4456
6305
79
4252
3469
7219
8868
4398
6150
167
2973
2170
709
1365
7595
4442
7088
5713
8718
2871
2300
860
4256
5316
8580
7254
8784
2053
3049
9873
5282
5683
8751
5992
3636
9239
5310
2652
5770
8882
2088
992
5714
599
2709
5292
2053
8760
1248
620
4234
8201
4715
3586
7917
8290
7891
4305
9661
3940
6807
6813
6997
1640
6365
3807
1590
5551
2295
9900
7034
4386
3755
7294
124
5611
8485
6252
6233
9818
1907
4216
6188
7357
6290
4064
1436
8583
9562
9053
9747
3378
8414
1272
8465
4883
788
1057
1534
215
792
3054
9757
4837
6926
6233
7580
1971
4308
3368
9826
1128
3794
1481
8024
4332
2381
5584
4177
2933
513
7171
3054
1723
4112
8451
1584
129
1857
1689
5127
995
80
3172
3374
2671
7178
7770
1737
1143
7026
844
9647
7434
3268
2243
5466
846
8256
2696
4439
9440
3246
1513
904
2700
2648
7022
2840
9586
3867
3516
4265
355
863
806
334
2990
712
9387
5296
4911
7819
8643
6468
8278
9771
6414
3610
6164
2854
7679
9331
8612
3220
4614
7134
8555
6131
5017
7926
8669
5081
3282
6278
4725
471
5555
2555
7408
468
5215
7728
9991
9551
8617
3345
9597
7221
813
3794
405
4187
8155
8947
9691
3318
6569
8002
2124
8736
1974
3639
137
8472
5117
309
1034
9921
3990
669
698
8537
2596
8238
9832
2837
1974
8096
344
7251
7530
2978
9494
2003
9686
436
3580
5214
1275
8536
9776
9608
4519
2624
7155
3353
3942
3319
618
2002
1258
7276
2783
265
9200
2787
7804
9618
818
8891
745
5559
7647
1770
9713
1527
1552
3358
3551
7277
9295
7525
8915
9973
8437
2937
6889
1043
5939
9475
4173
7947
2167
1787
2262
3567
4126
5766
3452
8348
8042
4793
4829
1410
1291
2619
1587
2323
1549
9640
7820
898
154
7258
9609
9712
7179
6618
1220
7032
1818
9848
7545
3100
5182
2860
6211
719
2015
2075
6992
6650
3851
9321
4540
7475
4053
768
682
6729
8710
9640
6656
3115
6828
9943
151
4433
6293
6272
3820
870
8653
2795
2566
2347
8562
5800
8760
7326
1977
3152
8553
523
2159
5101
1874
4033
6567
4389
9690
4708
2632
8285
4405
9989
6692
7177
1547
2817
7134
548
8421
6583
276
3513
632
2491
5150
1367
632
5689
9595
6108
8503
5060
3979
926
66
3109
3968
8901
6537
6497
2376
3325
9017
2939
791
7070
1136
5881
5928
2439
469
995
3609
3107
6539
3990
378
850
2177
7973
1128
4119
4418
6390
6746
3701
8860
3113
3578
3709
303
9389
5043
8474
3504
8617
8765
6201
233
3319
9840
6212
5671
3016
4794
6483
881
3340
9166
5402
1302
2687
8645
2009
7457
9854
9966
2756
1647
33
7795
9475
7541
2996
8205
2250
1416
4137
3861
2318
5881
7988
2735
4797
8943
5521
7665
1344
3013
3951
3538
6969
3429
8172
6174
9790
7900
3536
3799
4486
4688
9890
538
5687
6883
4126
2862
5919
4872
3830
4490
6549
5630
2319
62
6262
6955
9798
5930
307
7804
1276
653
2816
5583
9807
8995
6016
2788
7946
3409
6519
2379
9464
8116
1889
4666
873
4610
5768
5337
6198
1723
2162
1311
3050
6456
3759
5475
203
8937
3887
3361
3658
303
3696
2468
6518
429
7674
1547
5158
7977
7672
2595
1662
4301
8189
4756
997
9349
6876
8656
1523
7448
9032
6280
3275
7992
2000
4166
7061
2781
1000
7461
5750
5201
7877
2627
3315
7063
7768
6584
542
439
9855
2746
248
4285
4270
9663
8928
3876
2961
6849
5526
6056
3753
2766
2097
9779
3492
6026
6509
6736
783
119
9827
8989
8165
4409
2176
6233
3436
9475
9799
5103
1085
1667
7904
2438
4206
238
283
6837
5869
3592
2773
298
6712
8004
9742
6121
5673
1676
1301
6105
1539
347
8608
2252
6650
6058
6434
2190
9770
1925
4744
1680
9773
4349
4702
9843
9162
8255
6067
8751
2314
3014
7204
6883
6822
6039
3493
3903
7971
6552
2585
8046
5746
5364
5202
2563
5822
9031
2348
8535
3561
7873
1147
2702
9462
7802
4127
9409
6234
8385
7765
4954
7534
992
2285
4593
722
3367
7395
8140
4942
8468
2966
4540
2601
894
3014
4043
7274
300
9026
4522
6849
7252
9400
1570
79
2101
8439
1716
8206
2394
5520
5805
52
6135
5005
5883
5516
6182
584
4998
2369
6284
9062
5006
6076
2778
3202
8566
5450
8850
6476
3930
2287
261
9925
9382
3730
8192
2757
2833
7666
3158
8073
7692
4364
337
904
1536
9824
2793
7043
6161
6076
2909
6625
591
5913
8755
1752
1566
7278
8883
6692
4316
6556
6718
952
7282
594
8470
51
3833
3784
6923
6949
4014
9653
4633
7664
3444
8435
1068
4794
9851
3231
5990
5763
6669
4461
512
7553
1788
8214
4557
3941
1774
8805
6619
3406
7096
7944
3360
8181
6309
1654
9922
5843
308
729
3887
4250
6217
6710
8310
9571
7187
9299
8635
6190
9878
1607
5430
7390
1358
4145
2530
3433
9301
9314
7150
1995
5109
856
7753
1421
8515
4569
6072
5052
9285
7850
2498
427
7973
807
383
8340
9440
9273
6866
371
2992
8821
4451
7844
5527
1590
9377
5540
1903
2171
1390
8560
4956
7994
4052
3215
8537
3717
204
9260
7075
1449
2308
3372
3391
6645
6384
6064
8677
4433
9332
2872
7958
7448
2854
1070
1279
3624
2866
607
4122
4608
8264
5020
9009
4252
5591
4652
7662
8634
3818
5631
9839
5339
7043
6407
8698
8219
8640
9545
1968
4136
6213
4991
9009
90
8445
6878
5448
8968
5556
629
6099
3791
2716
5715
221
9865
4888
1354
8039
713
8524
130
5760
2199
8462
1200
2961
2551
3291
2535
8153
3897
5491
8925
674
7184
430
8947
5777
1339
755
1026
7560
8076
5572
8360
9182
5071
1498
8564
5156
2294
6696
422
113
1086
2552
6997
5652
1122
3275
8625
6832
9395
285
760
7135
8887
6573
6922
272
1331
5656
5779
9559
7028
4516
6448
3599
1443
3243
8435
8105
6075
8553
501
855
3295
8460
2068
2132
75
8603
765
9175
5950
5166
6147
3917
6845
623
2086
176
9066
5134
3809
2845
3900
1452
2274
7520
8448
4362
7101
2968
4142
640
2909
9198
9384
5358
3350
9179
3676
4777
200
6081
6403
5512
6200
459
9782
5114
1729
3088
6695
7741
1967
372
1472
4147
5636
4820
3559
5631
1092
3833
966
1924
9025
1378
4708
8094
2576
2139
202
67
3917
7245
5644
3838
7461
2838
4064
2683
283
9355
9898
2165
5013
6791
3749
2517
9905
593
3858
7634
4853
696
3557
3918
3469
4698
9927
5123
3452
1233
8530
9865
3980
3554
8167
6054
7276
1864
6537
363
1758
6873
650
1375
5821
1618
2860
3211
3899
5007
784
6992
4955
3916
5918
1746
798
4172
7193
9967
5572
3916
1910
12
6668
551
5237
1857
2993
4989
4245
6039
7713
5397
5671
293
2577
8263
2512
7720
4081
7127
6408
5934
2024
8742
3332
8240
5153
5226
426
5939
5504
5243
5408
6839
4360
4262
2036
2837
2342
3632
8518
9275
5839
8246
8527
9443
6916
3195
7601
401
8942
548
7135
3830
4756
1690
3271
4648
572
2203
9420
6567
8626
3005
1615
1521
6732
7389
4998
6918
7015
1388
9276
413
7569
4154
4436
5660
5844
3169
9703
2532
4459
6739
8916
2082
2656
7135
854
4772
8023
5685
3764
3240
6140
5371
151
4704
2359
3956
2387
4142
8244
7970
2688
5016
9194
3513
434
7511
6156
1735
1547
2957
1942
7485
7869
605
6179
3514
6960
8420
749
6080
1971
7763
4356
1679
1622
2236
3229
8133
1691
1876
7960
7725
7090
2549
8572
8252
2303
731
693
8899
1665
8514
2995
1932
2948
3602
3749
1580
937
8921
2852
4393
605
312
728
9224
1058
9474
5488
2092
1145
836
5738
2231
8862
7158
5370
3892
7095
9732
4385
656
3706
1912
3940
9271
1747
9583
6176
9615
1455
2862
9996
7373
7186
3723
5908
3511
6839
6216
8925
2528
2073
8935
623
5811
6867
5927
3426
1004
1115
9308
7386
5980
4353
2489
6921
9808
6161
4825
7788
2058
2767
4346
5286
3225
6268
6393
7629
5161
4541
8473
6628
4476
1108
5239
3739
3939
3433
8197
717
9552
5256
1572
6076
1409
4969
1695
989
2470
2452
4040
4636
4410
6584
8240
2124
5106
4548
6127
1867
6553
2889
7373
9624
7847
3108
8517
2744
1907
3980
2182
9043
6617
6836
5498
4804
6930
3693
1789
1520
1415
2905
1655
4771
413
221
2760
324
961
9322
8485
1308
9801
3128
2355
7933
7758
8783
7708
3018
551
6827
3778
8078
580
2785
499
5238
4420
4601
5640
9889
8816
9958
600
6940
5208
1917
7053
8104
963
1483
3646
6951
4396
6143
8132
6017
6511
7954
2276
5077
5884
6324
5137
7404
403
1522
251
5861
1358
3002
7211
2070
7575
2155
2319
8112
1533
8365
4067
3639
8495
3371
8494
7966
9787
4454
7896
8960
4246
7620
5832
7850
5759
5327
6167
9535
9393
2749
6732
6024
3659
2236
2895
3059
6677
1709
798
5778
9406
1760
1830
3999
1320
8631
4675
8779
8885
2554
4187
4834
6335
1509
8772
5992
6066
6865
54
4265
4515
6120
9468
1613
763
9730
7501
5169
5843
8908
7271
2963
908
9989
6786
6145
440
2711
1648
9998
3033
8428
6628
7892
4554
6780
6784
8540
6816
215
5600
4533
2238
313
6432
588
6592
8440
552
965
4640
3148
380
1091
9739
8099
843
9965
4944
1450
3715
5380
9844
6560
4400
3193
262
7321
3788
60
2482
6030
6156
5684
4987
2291
4753
5894
9412
3292
201
9487
4763
4101
6651
5127
7522
8223
1940
5790
9120
7161
9554
5686
4130
3055
2356
2747
1597
5316
1046
452
2977
2621
8427
1677
509
7965
7378
9510
1521
8844
2339
574
9900
1576
5458
6218
6728
8942
8696
2511
6072
6583
1570
8215
8182
8924
9998
5484
1714
4724
5276
9477
6924
3815
6514
6866
3012
4504
8247
8672
4778
3945
4419
3197
4754
9831
644
7306
4853
4775
9919
88
8663
7738
4547
463
462
7450
5307
6245
6986
9577
4215
3875
7567
341
6436
2956
302
8009
9178
8598
9889
3655
5786
1956
8892
1687
7690
3526
4645
5827
4779
5814
655
6521
6059
2764
94
8609
3726
751
3757
104
9314
148
2778
5086
7842
3473
1703
1850
7177
6172
4744
7574
4413
5394
2170
3037
1986
1275
7417
3064
9110
4819
8049
5130
1190
8932
7006
3633
2227
4526
1508
1696
2589
237
6288
1017
2624
109
9762
2166
3121
50
5194
9248
5663
6505
2518
2309
5502
9905
1108
2836
8797
5544
2552
1875
9672
4392
8292
5668
7707
7300
322
7805
8723
4329
6333
3911
5167
8775
5877
5031
5671
1851
3474
8321
8457
4330
679
8908
4060
9329
8107
2076
8368
6886
2548
1841
7733
1257
5397
1841
4069
614
4371
143
595
1624
1592
4342
1324
7022
5131
6357
5953
7921
9555
6910
5271
1307
3002
9118
5213
5324
3663
5456
9851
639
24
1520
2854
1315
9662
145
7241
7140
6798
3453
3665
812
469
5809
2231
9968
942
8767
199
5280
7029
31
5407
2514
7369
2214
1417
1458
6946
2066
2675
3022
9138
1244
6368
3890
697
5955
6276
1982
8420
9218
5268
6354
5950
6226
7925
9616
2539
2527
6367
7849
9232
2016
55
4809
7692
2454
5084
1125
2981
1268
8548
8832
6235
5478
7527
5719
6348
609
1450
8124
7066
8805
2001
7478
3246
5708
4232
6469
5965
8026
7950
4459
9326
7495
4697
9636
8275
1957
7692
9805
3277
5633
1146
7238
9741
6269
3054
4360
7756
7839
6313
458
1362
6560
8426
3864
4786
8254
4835
3249
4623
1694
9161
4620
435
6704
6653
3815
551
9125
3948
8647
1479
3984
901
7426
9499
5889
642
1092
8033
1853
5694
9218
229
5668
8628
9440
1589
5537
983
5306
1651
8365
8697
2225
7557
6340
5720
3272
2118
8983
8247
9689
5545
4283
3524
9933
2304
8295
450
8740
8976
9378
6107
6910
6650
9747
1213
9583
6776
1593
6671
4335
9367
7900
2194
8885
9811
3367
3418
6821
7661
9361
6718
8200
5883
7625
3701
1527
6263
3907
1893
5623
8342
9117
5688
9949
404
1781
5341
6879
5614
4101
8476
7770
8803
4811
8228
5105
5944
9824
7017
8930
3274
9249
6686
1250
8525
1192
4248
2162
7527
7286
8726
784
8849
1920
1232
8920
6122
6609
8552
6732
5690
8357
7439
5327
1197
9614
8644
5859
7917
4586
6341
95
9725
8716
7700
6432
4632
9394
395
4292
1728
7891
2333
3096
3463
732
1560
6689
7308
2619
780
6854
7040
3871
3436
8280
146
5169
4004
6119
4220
7978
5719
4560
2578
7277
5361
8349
5727
4469
4247
1048
631
5561
5398
4918
2504
8284
5401
7426
9451
980
5432
9068
3401
3366
1951
8985
3488
8140
8010
9296
4695
3970
4182
9675
6517
9971
1535
1683
7307
5001
3560
5864
4174
7532
9833
632
6352
3986
4710
9198
2501
2241
3180
2296
5621
7126
8231
8748
6564
267
4542
1301
7049
9983
7459
4332
426
9179
2225
5831
1588
6555
8387
7942
8471
1297
7214
4310
7892
7518
2530
514
5724
4460
5892
2312
7893
3190
9649
3361
5552
4197
886
4152
4256
5296
6397
168
8504
2142
4885
5613
4980
9007
6816
537
7726
4709
4425
2336
2304
4979
275
9259
3922
2331
5981
6540
6769
2807
5399
9605
7018
9027
4017
526
9532
4741
8622
9725
512
2824
8952
4454
6010
5546
6760
8303
4804
7403
4526
7550
5649
7821
571
2691
3690
2078
8615
3578
1440
6726
7475
7974
8967
6751
5747
8997
425
6492
1140
1753
8126
3657
6052
601
8702
2063
4013
4876
8266
3955
6774
927
1343
1954
2309
8883
875
4910
3685
966
1050
5284
810
5698
64
4144
4664
1265
4861
7518
3848
9593
6633
7030
2258
9218
5118
1991
8837
8719
986
3941
2038
261
1591
4371
8310
6283
9298
3241
7428
4833
9984
1129
8780
3933
3809
4493
3545
9145
712
5481
2459
1596
8028
4637
5190
2316
4706
318
7904
5221
5980
5101
502
9126
2415
5300
9073
7712
4650
32
2503
4700
8892
2946
253
1721
1703
2077
9982
3577
4507
2403
9305
5572
8077
2270
3538
2957
3230
7152
3315
8574
4746
2810
9064
389
5858
7742
6976
9111
701
4435
6270
5620
9213
6108
1564
4513
2988
3343
2303
708
5711
8402
4674
8635
5099
8867
711
7249
5660
4464
4143
7286
536
3898
3184
9757
2273
9597
3045
631
5335
1301
3662
1285
5069
8133
4392
9146
8597
713
2168
7744
2586
6885
8638
6504
6230
2468
5707
8810
7866
1187
4994
4440
3383
2894
1762
2150
5684
7156
148
4319
8416
5540
3062
4623
8647
9439
3634
972
6394
6757
9244
4800
1536
4206
2357
4034
4252
9271
5877
9266
1026
8157
7780
9335
3757
4659
3796
7692
8689
6092
2662
5005
5552
8613
931
4955
4107
4219
8728
9574
4731
9834
3440
9547
6946
2252
4234
4465
3497
1694
1366
757
9063
596
7497
5126
3463
4863
8428
1356
6196
5
585
6435
8873
4482
7130
1533
9758
6858
7245
7081
7137
4148
8590
2356
663
3691
5788
9390
2891
270
1753
6173
6139
4809
9109
3766
2809
9751
5535
994
4997
5774
3838
4864
603
9330
5855
6749
5536
1042
9291
2849
3627
7338
593
5478
861
6284
5644
9815
1199
4933
5120
5018
4464
1656
8152
9554
554
4432
9457
5323
3079
3992
8844
4080
4720
5614
9403
2244
3194
3393
9095
9554
8665
2726
2004
4505
1914
1667
9350
9288
8479
4774
402
9929
7564
6149
4841
8361
5057
8834
368
4404
9446
744
5775
2880
9607
8222
26
7923
5834
1029
9483
5468
319
4899
9654
865
3713
757
8635
2227
9010
7943
4712
6085
8696
7139
4604
1942
9544
3833
7232
4751
8614
9859
6078
6366
7634
4308
803
5270
2383
5506
2118
5729
3996
6935
3823
3060
9958
6632
345
9565
1654
5761
709
7247
3842
5676
9119
2981
1177
400
6386
8016
8580
6918
7330
6469
5502
4969
8365
4131
5173
2572
932
8134
2431
9896
6194
5434
7628
4494
3671
2575
8116
6324
5784
1817
9566
7832
7998
9927
3438
8944
2633
343
5716
2982
3059
7841
5857
5813
6034
8000
5002
927
2802
5851
7939
9062
567
4725
1970
8072
7390
6846
5350
8120
9121
9281
2081
1812
5040
2958
6084
559
8584
4176
8324
6748
4853
5355
1882
4177
169
454
616
3509
316
241
8630
4587
5686
9720
3644
3056
9295
3487
6176
3343
3595
8139
818
7297
3418
1814
8781
1283
4978
9830
3731
8333
2499
9146
3203
390
4606
3211
2699
9760
5088
6283
5641
5397
4073
5983
1272
6541
2262
3556
5541
5421
4059
6771
2022
756
3350
9172
3541
3812
2513
8444
4079
934
3239
8014
9771
7975
5189
7470
648
3012
6657
1209
7768
921
5035
281
7217
8463
9731
3512
1812
6425
4759
5149
8118
4911
8466
3393
816
8202
966
3914
8006
8378
3612
4358
7430
9419
5764
3802
8497
4504
4630
1478
5133
950
58
4527
1484
4528
9815
2886
9679
4070
7166
2760
9151
2544
9563
9418
4251
6667
3358
7635
6045
4242
3106
6140
1658
388
9720
7062
3040
2449
483
2542
199
5014
8441
9096
7899
7893
8535
6334
1808
8645
9997
6733
1232
9615
8248
583
3517
77
6966
2771
9933
3002
993
9872
254
1129
579
8940
319
1716
7785
9705
4942
9496
6721
3946
6854
6846
7614
7778
2976
9330
9793
8179
7641
547
5563
236
6172
6488
9640
7430
5301
6092
8305
2183
9619
8421
158
5424
5537
5103
7216
5270
278
4156
2921
1292
1481
184
771
7454
2616
7147
7272
5427
9616
6370
796
5094
728
7901
4448
6659
3507
8339
3359
2046
453
1211
280
5195
8715
4044
8137
6451
1598
6496
7138
7859
3281
5541
4851
5793
1890
3283
1935
1537
4485
2622
7487
4616
4997
1849
6760
4250
8492
7514
7734
164
8659
2365
4619
8575
5194
8463
6345
8579
2058
1377
8038
1081
4850
1304
5861
399
2319
6455
426
6128
1791
4211
2011
1161
5359
6587
6614
6998
9284
2309
2005
2466
656
4953
1704
2595
7014
5208
5546
4356
2004
1280
4851
9688
6180
3944
6275
5120
2939
3976
5919
6233
8974
5986
6458
2500
7635
9224
502
1195
6173
2527
1900
7370
1330
6976
1858
92
4014
6505
796
3780
9678
6148
4029
461
3595
7552
9895
3352
5860
3011
3468
3890
6793
852
9025
8835
2330
2313
473
5542
9300
3350
1759
7021
6411
3121
5181
9620
284
9830
5083
2700
9106
2263
8235
1319
6254
228
4040
6426
886
3035
1444
3948
442
5026
2608
5076
5024
7021
8673
9782
5760
1402
2735
6048
5018
7823
6863
3686
2944
9305
877
5167
1352
488
1895
6275
8827
9410
4103
741
4076
605
5609
7014
9074
3892
2226
311
9406
4192
3967
4934
1291
6488
1019
6553
5280
8045
6633
8523
9287
3204
149
1571
5945
3096
8869
6537
632
5719
9354
3025
6140
5175
3119
5485
3132
4376
4105
2352
4800
3818
472
1018
4874
2312
7008
1733
4898
7560
248
2368
176
8853
5403
6450
6479
4273
7914
4646
2363
3990
1339
589
6099
3938
1349
4482
4928
6585
6555
5199
4413
6247
5367
9603
8386
4958
6979
8524
3970
118
8101
9284
8844
7113
5363
9915
9413
7574
7372
6484
6089
7527
4133
9636
7854
528
6771
8965
424
8825
7933
8194
5388
662
2914
6894
8947
8839
3153
5277
2629
7127
900
5785
1275
4100
6004
5462
8298
3950
39
3450
1411
1307
1794
1332
6176
297
4904
7733
8193
2368
8075
2291
8189
7453
3367
3932
8924
3951
8234
7468
8322
3443
1355
478
8233
3197
4825
8191
736
938
8731
5274
5134
5021
2472
9667
9372
8747
7890
542
7972
8891
1409
8660
4865
341
4035
5121
8788
877
7585
9393
9646
9612
9538
1536
498
3986
2277
4183
6513
351
6958
695
8420
397
8275
6861
3011
4732
3859
9249
9397
8256
4660
2789
144
7187
1978
1336
4317
6511
6168
1426
7994
1765
6811
3616
5871
2758
4658
5140
3869
4075
4136
2061
5978
9941
2019
443
5492
3492
1351
9719
6405
9497
9062
4063
1535
5156
6104
5177
3804
2445
4523
9954
232
3359
5971
8037
6111
6923
7577
1308
2282
6706
1845
3284
8953
7762
7860
1468
5697
6845
5751
9202
9125
882
9715
8397
7888
1569
5877
46
4363
9249
7748
4530
5480
118
6126
3207
3126
1013
5218
5764
5947
8305
1441
5723
2977
9304
1114
8581
1607
5885
1492
7289
9032
7257
8955
1297
7402
2372
408
7104
225
2144
2011
7986
3963
4614
8591
313
8916
5607
1978
9424
6985
3037
5407
6553
5368
459
5408
5634
9183
6189
3618
6297
6233
7030
914
3143
2175
1143
6920
7587
4207
439
7852
6891
425
538
554
9800
6213
8132
9293
1055
7345
5699
7625
6950
162
7711
7182
3431
4197
5328
1255
5923
4775
924
7663
3055
9685
9483
8716
1710
4385
5645
400
5841
2168
4377
1357
9913
9640
2595
6166
5758
9548
6510
6180
1510
2492
473
4044
687
6034
5930
6800
6740
9898
6997
996
7840
3012
2805
4691
8819
10000
27
1064
5320
2255
2662
9695
5184
4894
1869
8823
5897
6286
390
5277
8007
2208
6119
2490
9173
7299
9172
6588
8030
4161
4069
4704
1673
2435
6286
1303
3191
3057
5331
8171
2189
793
8408
1480
162
7847
2496
5351
9018
8604
2173
2222
6118
2886
7308
9369
3825
9640
8288
7554
8072
2710
4402
4334
7817
3239
3132
5390
6490
8599
187
1510
6672
8011
5166
5311
2205
7647
4088
5449
9422
9538
1894
3246
7972
3784
643
595
1727
2577
8557
4704
4259
8722
1839
4234
3262
2748
3170
5315
3527
3998
8164
5088
7324
7905
8633
5523
9522
2005
7919
4747
522
387
8499
4510
6024
2124
435
5938
6169
458
918
6669
4400
6758
5131
7970
3360
7616
8019
6135
6867
3289
9507
439
511
297
4943
1038
5143
5882
8380
885
7850
4128
3064
8183
5497
9384
6518
6410
4116
6597
1868
3955
1921
4659
5436
1960
8687
8045
4281
7269
475
9947
1203
4063
6584
8894
8553
5263
6089
9220
7028
2141
2939
4031
714
2223
7176
7591
7623
8299
5513
7435
7604
7959
3012
7342
7125
8997
7497
5434
5658
3228
8866
8675
2374
4167
7192
5637
170
7570
1343
3344
1927
7799
4241
1075
9263
774
697
9430
2771
9302
393
9198
3268
5491
9657
4948
6757
1172
751
787
9855
8356
6832
8092
6794
9008
720
4038
2612
8786
9307
4422
8908
7383
9890
6386
1793
6196
2562
2505
8685
2770
6730
8822
4032
4619
2210
5423
2760
8358
5299
6237
4790
915
3230
1740
9119
1660
7065
5026
1232
4531
2854
4532
7310
7250
793
7190
8144
7991
6738
9705
1575
723
1197
9974
2262
2404
1979
9794
1036
3364
7601
3996
6504
7928
1514
2114
358
1995
896
2875
7196
5900
6733
434
9106
2193
530
7671
3766
200
5880
7826
7540
5555
1458
4685
8724
9610
6318
317
137
3771
6047
2478
525
422
660
5480
6010
9419
7484
5142
7525
6695
3677
4871
3311
392
1553
310
1281
6077
460
4434
7822
9385
7427
6836
516
4664
2167
8243
1301
8494
6419
4944
759
4898
9583
2436
948
1404
7990
8015
7650
9236
7552
6043
2143
1261
8361
157
7119
6238
7024
8057
4426
829
7855
1139
1488
6307
7813
5022
8428
250
2523
4310
7464
4105
890
2119
1599
7552
2623
2046
3617
9963
3999
4869
7544
6020
9521
300
280
1185
8431
9403
5020
5294
279
6267
7086
9005
8194
1887
8042
2355
4077
9230
3034
3185
6654
4380
7729
933
6316
1900
4148
8141
8256
7883
2
5571
9837
3076
7194
9128
8475
289
8381
5166
1432
7858
9972
9757
4279
3491
9381
6193
1802
2665
9513
2541
5108
2971
538
9177
7721
5502
3671
266
2583
499
8177
1220
798
7851
2839
1586
5304
7745
7371
2636
3665
5850
3283
8888
1792
8564
5214
6105
6415
1404
4939
6200
9195
8210
6040
2022
1274
3055
386
3730
99
4287
5675
6518
3195
4297
3005
7188
1919
7263
5773
6897
5635
2146
7515
5151
9639
3108
1850
3832
2580
1089
7489
7662
8733
7533
5287
2687
3117
8733
9985
7906
9482
5235
6255
1336
5640
254
9149
8356
4253
1089
6281
2546
668
9339
5588
2274
7053
9352
5432
5220
9165
3026
9611
9408
8670
9678
9123
940
4254
4048
9732
1216
7807
8747
8174
8673
9724
10000
9278
2336
2453
378
9644
5547
1322
3073
1547
4713
3298
5925
9374
4538
2861
1869
1973
9053
2305
7335
2557
9615
2258
3473
6916
2275
8958
4523
6100
8269
5659
3748
2174
1653
40
730
4263
3234
2480
6912
8853
6133
6712
5884
1428
704
9373
2354
604
8977
9072
5214
2364
7767
8185
6180
1667
2530
9597
5045
9506
6473
5982
2996
9259
3199
2845
2228
6028
236
5589
3643
4266
7806
2335
7154
7311
6558
9356
5975
4994
7425
8109
6116
3564
4850
4035
6410
3332
401
3574
7635
8832
3823
3705
8895
1688
2168
2110
9918
4800
2780
2043
2742
4888
4372
5199
3302
5990
8410
4849
8948
9583
5175
8965
6036
5692
1748
4103
6794
3719
9472
8476
9515
7206
3363
4647
9416
5949
1621
2289
3167
8127
8218
7046
1327
3399
9439
9823
3866
4649
5394
305
54
7847
4946
8944
308
2050
542
8883
46
871
9714
8712
8141
6997
4227
8149
5564
919
2038
3385
1636
7759
1981
376
4703
7868
6681
6662
6758
434
4300
1989
6078
2150
8856
3873
1924
6910
1612
2641
9877
4358
7595
649
8372
8672
48
2882
1273
171
9034
8444
3661
1527
2584
4541
1452
3828
5089
5062
3445
6322
865
9698
9564
1940
7703
1409
8271
4933
2344
6881
2662
1798
2167
4437
7358
8357
178
2360
7356
3157
5105
9692
3424
1049
4139
3537
5999
5254
6045
9699
2240
1928
9674
8740
5246
6167
6541
3824
9972
1881
4070
1627
6241
3049
6402
7578
5687
550
4670
5051
6274
8668
7542
2405
5836
4624
3264
8703
4793
4089
7422
3072
8532
209
297
5997
8738
1261
1615
155
1482
8137
8943
291
7508
9024
6086
4079
6506
4268
9963
3533
6224
5132
9199
3037
842
5908
6681
7288
2818
79
8128
5685
1132
4243
2152
1481
5595
1115
8923
8540
3181
8336
4228
53
2987
8516
2133
6045
1999
8226
7066
8428
7482
6260
5176
7917
355
8974
4352
1345
2890
7739
73
3341
2975
6369
242
1097
4690
6436
3811
6298
2977
3622
1648
8569
7049
7573
7102
9591
2454
7905
5427
2211
866
243
4075
4094
9625
9338
10
340
9172
9925
1362
9811
5311
7941
5663
5475
2830
5361
111
2972
8945
4322
2110
3171
6045
9537
5001
4569
6260
1343
7525
4089
7324
4100
2535
2442
6766
7367
5248
4015
6762
2655
3235
2332
2365
7362
6072
7195
581
2287
5977
3261
6347
6400
3056
9609
7964
2856
2316
7868
5317
7618
5509
3175
3365
9442
7726
2028
3449
8629
5413
6918
6485
8341
7024
9570
1659
6644
7999
5608
3895
3325
8787
3893
1202
1646
41
231
6772
7620
4178
1946
2566
1703
6432
3775
2691
119
9072
4677
2787
118
6703
7782
6027
8534
1757
9126
9598
3314
8617
1801
7956
3238
4196
3449
9780
1825
2761
9447
9378
3961
7792
9275
4175
3747
6905
9162
2210
142
9992
3584
6621
4529
6824
1017
2420
164
8202
8467
2602
7215
1247
679
7468
2456
6453
7412
7177
3907
853
7810
3574
2067
9309
4239
9974
7894
2161
7167
6412
7516
24
8292
357
4607
1161
7292
3471
3020
5014
2892
2101
6978
9441
8456
1669
8797
3469
8604
9507
4879
1089
8519
5543
4476
9385
8202
946
196
3130
3501
8522
8764
9624
4591
2614
7527
8219
493
9503
7990
35
6947
9679
8231
1016
8664
1814
2273
333
2378
9385
3361
1737
4427
3788
1408
7386
9762
7478
3811
4107
9059
3857
3681
9982
9968
3613
2200
4826
6681
4192
6557
9606
9893
1999
4350
8577
9172
8560
4606
6179
6662
4032
3294
6507
4756
3572
832
8752
9308
8553
908
6349
3066
2439
8803
7142
3333
9573
2627
657
9587
8546
1551
2871
9626
3535
5875
4387
9623
2427
3242
8832
9529
6608
8400
492
4117
4874
6708
3571
1138
5207
4856
7663
1537
5804
7633
7721
9156
9875
3591
2684
5820
7901
8739
3529
5728
4807
6711
4562
834
4743
9247
6042
374
9856
4377
6846
3426
4907
1575
4385
3271
2828
6788
1528
287
3570
9165
5223
3467
320
55
1173
3017
7409
7855
7365
6972
7164
9348
5740
10
9575
2661
9688
8715
1391
7935
3100
99
8284
8813
7008
7911
1362
7432
7616
4896
8851
9422
307
9971
1447
523
9
728
6346
4053
9723
2013
4020
70
8687
3545
3433
4956
1890
2781
7654
7938
9678
7116
9637
8107
4253
9049
937
5922
9143
7355
5052
8941
2677
6971
5509
1860
4547
6115
6329
7237
5012
794
1773
2800
2897
8783
5164
262
2044
91
5308
9009
2259
3500
4735
6950
1258
2185
3966
6901
5788
447
8964
764
5851
6861
2208
7545
3424
1159
6506
6629
7327
7322
7596
8795
4311
432
9842
8118
7793
6881
9717
9665
2146
2971
2883
5658
1354
5222
1196
2327
1752
3369
8794
9699
7995
8859
7420
7541
1526
5526
3525
7425
1220
3050
954
4482
2597
5804
1282
7509
1545
2298
3267
7115
3375
6359
948
8986
1512
2209
1860
5585
5812
9015
1451
3934
6406
9447
4756
59
7431
9192
2490
3486
8808
6088
9821
7448
594
6671
8184
8185
1295
4868
8847
757
8373
1891
7682
8983
1130
2267
4942
4269
8210
8993
4619
1970
6925
7340
5846
3809
799
6298
840
6355
66
6833
323
9388
3395
6268
3317
9827
6809
1046
2734
904
3416
6007
7127
444
6999
4388
1131
8636
4899
8421
2798
7534
1540
9779
419
3913
9819
2510
3937
7764
4622
3457
2857
9039
8082
1333
984
9358
7618
6379
3190
5624
5274
2647
545
3732
8897
4115
6759
6999
640
6989
223
5173
8612
2016
1988
5885
8790
9275
8834
2141
2825
5188
4963
4718
6898
6633
9799
8469
7788
2307
4943
3420
7086
5428
2319
3405
9797
3386
5487
1533
6594
914
4015
9943
1875
5818
8605
6090
6766
2579
5173
98
3216
4561
2020
8397
5201
4911
8506
3280
1576
6374
4714
3033
4489
3974
3059
8021
3694
9950
6308
6337
7117
4574
6110
9952
762
2954
5017
4159
5674
7075
7093
2644
7413
5599
8570
8448
1208
575
1053
4088
2995
7933
7727
1816
8521
1692
1187
413
6060
472
3907
7232
4565
4690
4522
3906
699
7119
7587
2643
2356
425
8275
4043
6093
2003
4791
2400
6580
2720
5615
5659
7998
139
3254
2367
4014
392
5964
3041
2231
5098
9340
5489
3010
1722
2775
7424
6118
7713
127
7770
9447
7843
7436
954
3747
3866
3354
6854
1584
7448
1097
6939
3872
2003
9283
9797
5434
491
5135
1796
3610
4316
3766
5697
5023
7220
2305
481
4418
7762
2591
6448
8930
1637
9177
7580
7959
8140
128
5899
9114
6863
8989
1602
2645
3673
1436
3829
1088
6592
4679
7142
4187
4967
2911
7717
2341
5316
712
6150
2919
4475
2000
5514
2560
6616
4022
4194
323
6048
9061
9813
4222
7482
5361
9233
7957
7406
464
7618
982
5985
6218
5692
7454
2821
9775
6744
5672
3610
1553
2860
6888
1035
489
6071
8616
1022
290
8815
4455
4335
5804
1363
4162
4872
144
5713
5951
920
5958
93
5160
7878
8382
7768
103
8911
3830
2369
3086
2757
4363
1928
4555
1623
4491
6808
1621
5931
5063
1489
2619
1815
6950
4073
9358
2483
9066
5707
2465
8970
4748
7523
9368
235
8387
2606
8973
6042
4791
7773
3911
3437
9430
8505
6797
6093
6765
4159
8581
5698
4712
4747
9508
171
6899
7798
6904
2144
1855
4677
8439
4091
3806
6898
6890
2226
5645
6564
4710
5798
3034
1647
6905
7534
3968
6794
3784
8789
4609
1841
7247
9234
1459
625
5304
2135
325
6599
9439
2933
9517
4257
211
6886
3549
3279
5120
3288
5027
8068
4801
9850
603
3635
8571
9298
7469
7042
8129
7948
6767
8378
9690
5608
1574
9470
2033
7030
641
1921
2896
2700
6025
4570
6846
1892
9237
2208
8032
3943
2890
4350
5381
9078
870
5934
5751
7205
2897
4590
2782
4383
6435
2635
9333
379
5790
7665
7257
3043
9978
730
1541
7090
413
9130
8734
6233
1176
7469
1010
9664
4890
7733
2709
6341
5352
3234
3669
919
1153
6084
292
1390
1522
7120
3587
1102
4963
4231
4617
601
7661
2984
1128
2582
3444
9119
713
6898
7002
3415
1119
1640
670
4701
5366
4746
9216
867
9427
7407
5878
8660
5133
8979
8305
2389
7568
7826
8502
5147
2217
9967
1371
2630
5495
361
4562
2947
4472
6607
7053
4344
4149
5529
8268
7788
7292
2154
160
9896
5410
4814
7817
6902
6282
7201
9913
2399
6103
2656
9453
6233
1761
7580
8829
8050
9795
7383
4641
4984
1469
2974
1531
7139
1780
5955
5634
3151
8735
5609
4414
8707
1514
56
4402
9148
2783
69
5468
9764
7675
9789
7646
674
1153
1121
847
9582
8605
5183
9652
896
2632
1284
2784
5369
4666
5508
2118
7778
2095
6564
2339
7363
9622
5031
6755
2332
4931
6205
3139
5698
6939
8348
4107
1494
3800
3280
8058
6152
492
3501
6124
4072
8233
7648
2507
2304
4788
3389
5622
3979
8265
3596
8024
187
4791
8021
6190
9746
4234
6776
6624
464
4728
9140
1174
8963
2555
6709
4162
6184
2780
2071
1479
6589
5244
5648
7874
7086
8578
8213
5770
238
1715
3057
9136
8997
7722
7303
8411
4902
3243
9743
4991
5395
5198
3474
9840
9580
2905
6105
2578
1955
4002
544
9060
1929
6971
9048
9904
7722
2469
8672
6634
8557
693
1133
8675
511
7749
8156
7534
7217
5286
4889
196
4011
573
7532
6285
7068
12
6805
5358
7649
5741
6026
238
373
5553
4206
1486
5881
1126
4451
6208
7427
8333
1526
3693
6662
6815
1268
907
9415
7197
5317
7008
4884
6132
8481
9947
6910
8014
707
6865
4593
9578
7461
8702
7602
3737
4235
6720
3096
5209
7185
6494
392
1054
6140
3125
4553
5133
271
3446
2235
7817
693
6455
1958
4749
5843
6481
3469
5643
4067
9121
5137
5983
6305
4813
914
7692
2240
1834
1897
2974
2901
2691
8445
2381
8981
445
5893
3164
6031
7567
1647
5680
7142
5574
2402
460
4219
6364
1065
633
8768
5218
3762
8847
4899
4801
1781
8302
4653
3423
6135
5176
5588
7373
2764
3646
7225
363
3007
2927
5090
6638
466
456
6916
8512
9209
9515
2945
4630
5543
6839
3470
6774
6295
989
7182
113
9239
8942
6883
4486
1186
6943
6542
4353
217
767
6653
4897
7136
385
4809
3608
5514
7416
503
5677
6341
6554
4776
9091
9492
7107
9063
2323
627
1325
7705
7692
5482
6806
5727
3765
5750
7905
7449
1294
1541
5497
8636
873
5041
4515
8480
2481
7784
9558
1285
1254
3369
4798
356
2616
9127
1355
4678
6157
6638
4765
149
851
9952
8743
3428
7762
1408
6218
3583
4170
674
4114
525
5825
4895
278
7971
8913
6260
7301
4260
7031
4122
608
8621
23
8729
7716
3159
7786
4531
7236
1441
3942
5633
3404
9960
7030
6125
3837
2766
2837
5169
9203
9583
7712
1996
7300
7722
2437
240
2401
3451
9525
7069
5315
2834
8099
2992
2250
959
9981
4124
9161
8958
3420
4102
3762
2333
4555
1127
8033
4279
984
6938
7629
5503
5042
5287
2819
5697
7283
3685
2225
9370
2299
1052
4373
9942
4884
4288
895
9490
251
5418
9357
5434
4203
292
1117
2191
2207
3971
886
1328
6442
1463
6787
3305
6238
3668
7047
1066
3329
919
6181
7651
9189
6890
914
99
2266
6402
7457
9825
7199
9847
3938
9118
467
5934
3986
6890
8791
3714
9026
9979
458
4868
4967
732
3506
1898
7484
2351
6638
9091
1181
4016
1680
9526
6950
1381
9688
7973
2857
1968
8308
2375
2849
1897
3501
670
3447
2207
2299
5144
1743
9712
8070
9624
6420
1771
5428
1892
2460
909
1663
7531
9485
5400
5468
9470
9726
8710
5661
4569
9544
8754
2286
5253
2034
6679
2898
3599
5386
3968
413
8011
3145
4418
5413
8157
6251
60
9387
5720
6825
6964
2165
7130
3769
1486
5552
6352
1187
9746
1402
8364
3199
667
3690
9916
4165
689
7541
927
6033
4599
82
9967
5737
5905
980
5661
157
267
1256
1230
3762
6335
9391
8997
8078
445
4562
1718
4708
5879
4289
1487
4723
7421
4271
3641
3680
3463
5939
899
6574
5381
7570
4531
268
5656
1090
8807
3118
2550
2112
8419
6173
3206
9126
5288
5005
3564
3711
1534
3072
2590
8399
314
3599
6286
410
4451
7064
7598
9716
1137
8678
2140
5011
872
5414
7342
6196
2158
6980
2867
2452
2077
3345
1292
8750
976
6776
7720
9615
9914
5925
1754
1648
5825
6450
3604
5383
1867
6887
6917
4879
1105
6402
3769
6242
5616
569
2475
3279
3188
9483
6263
4438
5052
1263
9775
2203
9249
1555
5932
7720
8101
2943
2304
6741
3909
4828
162
4001
4344
2350
7700
9648
3099
7798
3241
8587
9966
4131
5107
3694
2593
5957
5084
2912
3640
6294
9216
9790
2001
6733
7350
3684
9494
7662
4285
9682
1606
9549
4042
4597
5273
3742
5380
6017
5977
2308
7388
2366
8467
3619
7673
4180
970
6858
4892
9230
9349
5931
9619
5390
1547
7501
4849
3664
9507
4906
9693
4828
4886
4668
4391
2695
3733
6486
2313
9508
7680
3033
5574
6280
1225
9851
938
3073
5132
9422
3227
9492
9921
605
2825
4785
5774
3237
2373
2093
2044
5690
3244
1655
4317
8876
8523
5898
8611
1107
7097
5380
4997
2058
8116
6883
4089
2228
247
5174
2261
8099
479
3334
5507
86
1986
1204
7401
6232
1238
3934
382
7436
5046
2492
8399
6574
3037
6710
9455
5186
7697
1630
5137
2788
3537
2132
7003
3042
3736
879
5192
3420
5089
8328
5200
6768
8801
5594
9231
6658
1315
6416
8148
8276
7996
9173
3856
5078
337
1470
4262
9353
9375
1586
9623
2884
202
2609
7107
4612
4483
8054
6990
3927
9388
882
1701
4883
9632
1264
1155
5336
9591
7566
8881
8174
262
732
5245
5520
610
7608
4904
282
8258
2986
8511
7308
8713
5831
5972
8037
3477
6969
2640
9090
8012
4092
3037
2355
6137
7701
2215
9657
9246
7193
7686
5711
4764
9749
2747
6288
325
1553
2038
1062
5003
5349
427
1324
7734
7580
5202
4305
2341
1726
7709
1430
2801
1901
2851
6358
9004
719
1099
7702
8625
3605
8558
391
338
7436
6828
4586
3005
3609
84
1999
4706
7650
2032
1300
9695
5010
3725
2899
8351
7619
2114
4552
7285
7254
1243
2466
4034
8801
9591
7690
1779
9950
2885
4076
7407
3313
8617
6799
990
6077
6844
4298
7813
9277
5535
7978
5936
2322
4712
7130
1983
9807
6176
9193
1746
1964
3760
4158
7111
5617
5312
6224
1912
5191
5626
2523
745
570
2078
5266
3749
7031
9778
5605
5980
8889
4261
1888
6237
2323
441
7329
7004
8852
8527
7697
1435
4603
2462
3616
2551
7329
1024
2328
7818
5799
2067
1284
3423
4671
5807
6238
6164
1380
3040
4464
1351
9660
5514
8294
8995
6361
4778
7823
1473
9939
7028
4659
8379
43
2079
5954
8637
4916
9655
5977
2318
1098
9295
2796
6016
5807
2062
7447
4686
2636
9569
460
9051
4428
4863
2552
7757
9056
6330
8895
4894
6766
6366
1878
3424
6145
4298
1627
3134
6769
8754
59
5923
7130
5662
2717
1293
8496
2751
5830
1786
7573
2238
1779
6689
8555
5070
4538
9660
9140
3328
1387
2595
8318
4350
6112
2762
5986
4682
1521
7711
8096
6614
7031
8496
3466
9972
6141
4371
2086
7755
8846
7040
5443
1619
8158
9007
8871
53
5716
3982
5879
5753
2828
5101
6450
9897
3236
8837
4491
7323
9420
6782
8635
8998
5881
2984
558
9626
7537
3370
1343
8549
764
1140
8643
5580
4548
75
3929
9336
3652
8743
1407
4581
8652
720
1228
6569
5537
1365
3271
9041
2438
5699
4907
154
5870
1345
878
7768
5712
4276
9750
608
8792
7687
1997
2485
7008
5082
1249
42
7498
7317
4384
2182
4073
9796
6454
3357
974
1452
8680
2670
5689
1894
7282
2037
6380
5864
7112
2153
5825
1691
4880
1723
4287
1253
1434
5046
8453
4542
8872
8135
3529
8811
7852
5313
2407
5107
1468
7320
8590
3206
5738
3259
1812
6277
3151
3009
1054
3327
9560
6588
3227
7748
1751
3116
4671
8223
3428
370
2124
1091
6803
4573
2193
4416
9976
1025
1370
4382
4008
7544
975
1329
6044
4657
4278
5356
8275
223
2146
4133
5212
2355
3387
4144
1632
4692
1288
4654
53
7143
7502
9124
7432
2363
5718
9626
3347
579
4703
2711
3065
4378
3079
9517
5238
6659
7753
9452
4177
1171
4540
9451
6255
9243
2357
7046
3036
9711
8201
861
9419
4
774
9140
9450
3938
9399
6604
3946
1067
902
9127
5455
8730
9830
125
6405
9576
9367
4557
3238
3827
2641
3881
3541
6452
1546
7865
5623
7499
1502
4046
4113
6357
121
2387
2373
3485
2423
2695
2343
5821
6687
2950
3682
1060
473
6483
6820
1139
8454
4848
1847
4963
5899
7431
1763
8098
2538
3916
6725
7540
340
8212
6940
3154
5027
9046
850
2897
8118
1459
8149
834
4475
557
2168
5898
8943
6693
1104
8784
9576
9916
4772
7439
7085
1810
6050
8886
6229
5756
6851
2299
6753
2759
3211
2415
4590
9517
305
6434
9497
4916
6920
5875
9173
7897
2099
7800
337
3922
8563
3086
8092
9548
9130
6196
3695
214
8198
8236
7692
9180
7792
9239
7145
4931
7494
780
162
2730
587
9362
9770
915
4373
3791
195
9383
4096
2940
2781
6141
2979
3689
5331
8883
5357
6741
4432
9764
9223
368
4650
2923
9280
3499
2686
320
4683
8168
6339
6653
5655
2595
1372
161
167
7778
3656
6628
6624
1492
759
3815
9576
7524
968
1775
7217
9938
8689
9385
2457
3848
9734
8323
8559
958
3162
8709
2069
7869
7023
5970
6829
9750
576
8439
5217
1337
3440
5296
8641
7791
1502
4896
9752
9725
7718
4808
2863
2629
3234
2253
8835
9134
576
1680
650
9245
6678
1845
5022
1989
6163
5146
8095
6902
3219
6652
9691
4913
9331
5705
7383
1586
9285
1168
6186
6222
2126
2371
4805
3694
8786
6425
4001
6492
1835
7079
5464
2387
9677
7507
4552
664
1511
777
7875
3873
8574
7002
6133
9671
6118
7207
3492
8956
3028
1058
1375
5058
9861
3592
2502
1497
9287
5948
9406
6923
2617
5667
2217
125
120
2585
8243
5619
8974
6969
7049
4265
3369
5435
6036
5071
4487
8374
7410
5388
5681
4620
9408
9259
6297
3123
3056
5537
6286
893
1179
8504
130
7399
9626
706
1706
3987
5499
7342
6838
5420
7633
6644
9931
8653
4812
8958
6693
6110
2271
9361
5168
9712
662
8632
512
8370
7470
6119
5777
7876
4902
4463
5878
3710
1466
2118
1022
3445
6237
3569
8004
8268
3935
2985
2433
2550
9543
815
4279
8400
4340
1365
8127
6319
2670
13
8924
69
4819
155
6291
1275
5747
4472
7315
6833
4077
9832
9894
2193
9779
818
1450
1976
264
1204
2803
4229
8245
7846
8497
8089
4851
916
6044
3317
9365
561
764
5865
2865
9200
1521
7142
8919
6726
813
4885
2057
7767
7178
5320
6873
2045
9438
7322
7608
3143
4694
518
8375
638
2690
277
1703
4199
6536
6827
7640
5844
9962
6783
8196
7594
7687
740
6716
2196
6231
8802
4317
8901
3538
5578
6001
7255
3011
7670
5222
5610
5639
9829
2482
5509
9724
9496
8665
9025
3185
4164
9114
688
4734
4840
987
5490
6118
7631
211
5361
5203
685
346
2188
8680
4413
7957
5724
7298
7130
6817
4821
2820
7697
8262
9013
3103
1816
5654
2227
4344
8435
6122
9057
7057
5397
7640
6973
8896
6401
578
8400
1716
9435
1403
9656
7344
5039
9441
8153
661
1219
5028
9508
1751
374
5896
5583
7672
1170
2503
6020
7647
4112
7187
516
6200
5138
4264
3304
9541
3795
1203
9503
7139
6769
5045
735
6931
2745
111
4788
7475
2587
7861
8741
1817
5634
214
5449
2172
2285
3810
9904
6973
2136
6691
287
7411
5446
1917
8034
9528
2303
6076
3041
7213
1410
232
7633
8562
277
9422
8933
9873
201
7106
8110
3943
3782
6112
4996
6078
9876
7548
1898
7182
8527
8629
1464
2324
4650
6503
100
2868
3088
7117
1375
4439
3170
5953
3701
4676
7906
8886
679
7796
4362
3779
3908
4488
5474
2490
7694
2109
3338
1141
2674
8876
8088
169
6052
4719
9105
7234
4666
8806
9895
7226
9776
1456
5727
7311
3887
192
5293
5852
6180
4928
1812
766
3330
8929
3559
7456
9518
4461
6906
3137
7377
8393
1763
9712
8576
6831
731
2726
3447
7565
4017
1198
216
7301
6742
4472
7242
3098
9803
2861
7070
902
2125
8893
272
7104
9924
4072
3149
6593
4047
7135
3111
7974
3512
4436
937
7375
5123
5766
4056
2341
7070
1562
8309
1638
4631
8464
1195
2855
1309
6542
1488
838
3142
1265
1685
3551
2369
7872
8440
4913
8818
7112
7305
4888
7717
129
3673
3972
562
6697
1598
1196
8987
4885
48
6827
6914
9373
3567
7746
8797
2321
6584
2221
5765
6325
8998
4362
6513
3103
546
7553
639
1817
5730
221
1123
1852
5998
1431
5715
4364
3413
6106
3820
9906
6080
9699
9105
223
8710
7118
5320
8026
6085
2741
2088
8146
3493
3543
5749
8652
6950
243
2463
4130
1609
2016
8438
5657
8397
9783
8373
2784
7235
7160
5447
1703
5885
3744
6040
3942
2955
6277
8216
7544
5067
8953
5102
8058
5639
8977
4755
5779
8062
3400
9790
8045
1930
4939
2780
5494
5041
7730
1259
8875
1934
4703
8845
8168
4983
7077
349
8242
6532
2988
813
9842
9580
7723
4735
9998
1848
669
6200
4000
6650
9164
652
1695
4314
7045
3245
4480
1030
1476
4679
8458
6463
3866
5633
2321
6743
1329
9680
8298
6533
5837
7248
8161
6551
6967
773
8596
1292
4847
1950
5086
3174
2206
7789
678
6237
2376
9483
9444
1356
1089
6133
7012
3090
6579
7892
5403
8425
7248
2644
2933
629
2457
3940
5537
8164
8990
8916
4687
859
9126
3587
3616
2513
4405
6350
6086
7987
6762
5690
4176
8392
3289
7429
9104
6140
186
1443
8019
1863
9568
3727
7882
477
4735
2997
5220
4634
3638
5049
7083
2438
9944
2283
6957
5114
1346
2934
2275
7773
2389
7512
1225
6105
3574
4963
7890
1862
2146
6971
8387
5516
3101
696
4323
4490
3480
4249
7691
6569
9630
8453
6208
6449
1889
5372
3573
9649
1398
5165
7509
5149
9933
5383
411
5184
5728
4293
5510
8825
3658
3257
5073
6806
1050
6756
4956
4931
4501
2960
9677
6923
4455
5418
9049
1299
6126
5332
579
7321
7193
2765
7074
9371
2733
1123
4565
2821
2134
3200
1934
5915
7934
4345
2807
5226
209
6392
7224
8009
1068
9426
8706
3443
1668
1643
9936
1043
9780
1681
6436
5954
7616
2113
8813
4987
1226
624
2072
7499
6945
6706
2807
9955
5387
3817
6521
2104
9760
57
1027
1669
2715
2113
6381
1550
5912
4772
9539
9157
4334
8161
7581
8839
4831
1983
4461
8321
8327
8477
8325
1094
4884
7751
4855
5405
1553
3727
5615
6149
5130
3845
1351
2661
5152
8897
6
1355
6461
2956
8585
1022
7805
836
9488
5264
7320
916
3284
9432
6324
9163
2001
8614
569
5212
3701
8627
4911
4731
9835
6831
6495
211
5150
5363
9840
915
3677
9776
9527
6717
4455
3061
6537
6499
6643
9168
8079
1513
3466
9401
5506
7672
6900
3534
1600
2301
3727
4569
799
1710
1429
5848
8844
3385
2064
3562
3839
1554
3431
2016
819
2498
9209
153
3478
6502
6238
1595
7547
371
8274
77
567
1632
2659
1176
3509
41
4398
6488